9 -5.0425500869750977e+00
16 -4.9842400550842285e+00
27 -4.6551899909973145e+00
32 -4.4531588554382324e+00
52 -4.3864588737487793e+00
53 -4.1299300193786621e+00
62 -4.0218091011047363e+00
72 -3.8832089900970459e+00
83 -3.8424909114837646e+00
91 -3.6478610038757324e+00
99 -3.8700489997863770e+00
115 -3.7160909175872803e+00
127 -3.5645289421081543e+00
135 -3.7025990486145020e+00
136 -3.4265899658203125e+00
137 -3.5125269889831543e+00
159 -3.5939640998840332e+00
155 -3.3933560848236084e+00
169 -3.2396929264068604e+00
196 -3.2103500366210938e+00
197 -3.2772979736328125e+00
181 -3.3196411132812500e+00
199 -3.2573320865631104e+00
211 -3.3703000545501709e+00
200 -2.9928278923034668e+00
